33 38
10 30
30 54
10 13
3 10
48 54
2 30
18 30
30 47
0 45
0 53
18 54
19 26
27 54
37 44
13 37
3 37
4 37
14 37
6 12
6 19
6 24
42 53
23 42
3 23
18 23
36 43
23 27
13 44
4 44
13 14
17 59
58 59
24 59
45 60
2 14
12 17
8 15
3 14
24 58
4 14
12 50
14 47
19 35
35 53
9 57
32 60
32 53
36 60
39 53
22 36
25 34
28 39
7 29
7 56
35 56
10 28
28 30
2 28
3 28
28 53
26 61
6 61
59 61
19 40
3 4
8 50
19 52
8 9
19 24
0 27
27 42
10 18
54 60
34 61
7 40
7 52
7 20
12 34
29 34
18 28
28 32
28 60
42 48
26 58
36 42
25 61
16 58
5 25
6 29
29 61
29 56
2 10
10 14
10 60
6 26
20 26
26 34
6 31
7 31
31 40
33 41
34 41
40 50
50 52
19 50
26 29
31 56
50 56
17 31
20 31
17 61
15 55
12 20
20 24
20 56
28 48
28 37
28 33
28 36
38 41
38 57
16 31
16 24
16 20
26 56
6 56
24 56
37 54
43 54
32 54
36 54
2 37
2 32
18 47
27 36
38 51
0 22
21 25
17 20
9 38
20 35
20 29
41 57
51 57
33 57
26 49
6 35
6 52
35 61
52 61
35 59
52 59
49 52
24 49
15 35
15 52
14 18
35 50
24 52
39 43
32 39
29 59
29 52
12 26
6 49
6 20
12 31
41 51
12 61
51 60
9 15
12 35
12 24
6 9
12 29
23 54
24 61
23 36
24 40
15 61
24 50
36 48
18 37
42 43
22 51
3 44
40 58
3 13
2 3
17 58
12 58
8 52
22 32
33 56
26 40
16 26
16 40
48 60
32 42
42 60
23 32
32 51
14 44
44 47
32 36
33 55
39 60
41 61
5 41
11 17
12 40
17 19
16 17
19 58
4 18
4 47
19 20
16 19
27 60
17 29
4 28
28 54
2 18
14 28
0 42
22 42
43 60
9 20
20 52
11 19
2 4
19 46
29 35
10 37
6 7
21 61
21 40
7 59
7 24
11 46
40 46
12 59
20 59
16 59
35 46
24 46
16 46
52 56
19 56
7 33
0 48
0 60
0 36
32 48
6 11
6 40
6 58
6 33
49 50
46 50
27 48
22 48
5 21
5 51
20 51
22 45
5 15
5 34
36 39
22 27
6 46
6 50
6 16
49 58
17 24
46 58
12 19
12 25
28 47
11 40
40 52
34 40
12 52
46 52
9 33
34 52
27 43
40 56
37 47
6 51
8 51
4 13
15 51
33 35
9 51
29 40
17 26
33 51
11 49
11 58
33 40
46 49
36 45
35 58
50 58
20 58
39 45
27 45
49 56
26 35
26 46
20 33
5 30
30 60
7 16
16 35
16 33
16 56
11 31
19 31
23 48
23 37
15 26
15 41
17 49
17 50
26 59
19 59
9 61
8 33
10 23
7 50
11 50
50 59
20 50
16 50
7 19
24 29
34 45
8 16
15 21
22 60
28 42
22 28
24 26
0 23
35 49
17 35
24 35
5 37
3 47
12 46
43 48
5 54
43 45
22 43
39 42
17 56
15 57
6 59
11 12
17 40
12 49
31 50
24 31
21 55
23 45
55 61
50 51
51 55
52 58
16 52
33 52
23 30
22 23
20 46
5 47
28 43
33 50
10 22
6 17
11 16
9 55
42 54
45 54
23 60
21 59
23 39
34 39
7 58
2 5
2 36
29 46
19 29
32 43
32 45
46 59
0 43
11 26
34 43
11 35
34 60
22 47
29 58
45 48
11 52
11 24
17 52
5 14
28 34
35 40
6 55
20 40
19 55
20 55
34 36
31 59
23 28
35 52
29 31
9 41
39 51
26 50
40 59
16 49
12 16
27 39
29 50
56 59
10 34
5 13
13 18
2 22
17 33
18 22
16 29
20 21
29 49
11 59
24 33
0 32
15 38
23 34
56 61
8 19
26 31
11 29
46 56
41 50
13 47
2 47
34 47
20 61
9 50
11 56
6 8
22 39
31 35
57 61
21 29
34 37
7 46
33 46
23 43
7 12
43 50
2 13
2 34
42 45
7 49
40 49
17 46
31 49
31 58
31 46
52 55
24 55
16 61
27 61
19 33
31 33
20 49
21 26
31 52
21 33
10 54
8 49
29 33
10 50
50 54
42 49
9 49
22 50
26 57
36 51
28 45
7 55
11 33
56 58
22 49
10 49
16 54
16 43
16 60
16 27
16 42
40 61
16 23
16 32
43 51
15 45
9 12
0 16
16 45
8 22
16 37
30 37
30 49
16 30
49 60
4 50
45 57
12 55
41 45
31 55
10 42
33 61
0 54
26 52
15 39
15 32
15 60
20 60
20 22
47 50
15 43
10 16
6 38
37 60
6 21
2 49
15 27
27 32
20 57
22 35
6 41
6 57
6 45
6 32
13 50
10 40
37 49
58 61
29 55
40 45
15 40
14 50
0 6
0 51
0 39
6 22
5 28
3 50
16 28
7 21
41 60
45 51
15 37
15 28
31 61
20 41
12 56
8 56
45 59
44 50
5 40
5 16
18 44
20 38
22 41
39 54
37 52
32 58
27 37
9 60
15 49
45 58
20 45
58 60
19 51
19 45
9 19
19 60
19 36
48 52
36 52
51 58
36 58
21 31
5 10
19 32
40 43
43 58
0 40
37 40
23 40
22 52
27 49
12 21
15 30
35 55
27 52
19 48
38 55
11 21
12 45
2 50
40 48
26 33
40 54
52 54
23 52
9 45
8 24
3 18
12 60
19 23
43 52
24 38
22 37
40 60
9 46
24 57
12 38
12 36
2 44
8 46
5 50
38 45
42 52
32 40
39 40
28 49
46 61
9 17
9 21
15 22
28 50
45 61
24 51
9 24
23 58
40 41
31 38
9 40
52 60
7 61
0 52
41 59
40 51
12 39
8 31
51 59
40 57
24 39
8 26
3 5
54 58
42 58
4 5
32 52
24 32
30 50
12 32
39 52
27 58
8 41
19 61
16 18
5 44
4 16
16 47
0 2
2 60
2 54
2 42
18 50
2 39
2 23
13 16
19 21
8 59
14 16
8 29
7 35
22 30
15 54
3 16
5 22
26 38
2 52
0 58
2 24
38 40
12 48
39 48
9 26
2 12
38 61
7 11
23 24
2 43
24 43
